1698240180881 0.09 500
1698240411346 0.09 500
1698240882077 0.19 1000
1698241073374 0.19 1000
1698241566474 0.28 1500
1698242041092 0.28 1500
1698243107761 0.37 2000
1698243594346 0.37 2000
1698244689561 0.47 2500
1698245170712 0.47 2500
1698246279975 0.56 3000
1698246572088 0.56 3000
1698247009244 0.65 3500
1698247198422 0.65 3500
1698247680963 0.75 4000
1698247884710 0.75 4000
1698248490707 0.84 4500
1698248934708 0.84 4500
1698250195721 0.93 5000
1698250795707 0.93 5000
1698252223614 1.03 5500
1698252774398 1.03 5500
1698254172985 1.12 6000
1698254748489 1.12 6000
1698256131660 1.21 6500
1698256732942 1.21 6500
1698258101769 1.31 7000
1698258697780 1.31 7000
1698260035111 1.4 7500
1698260630238 1.4 7500
1698261934905 1.49 8000
1698262264782 1.49 8000
1698263085891 1.59 8500
1698263454669 1.59 8500
1698264318908 1.68 9000
1698264696551 1.68 9000
1698265593284 1.77 9500
1698266019203 1.77 9500
1698266874788 1.87 10000
1698267122391 1.87 10000
1698267550299 1.96 10500
1698267764409 1.96 10500
1698268070200 2.0 10714
