1698240180881 9.533320888557029e-05 500
1698240882077 9.066641777114056e-05 1000
1698241566474 8.599962665671086e-05 1500
1698243107761 8.133283554228113e-05 2000
1698244689561 7.666604442785141e-05 2500
1698246279975 7.19992533134217e-05 3000
1698247009244 6.733246219899197e-05 3500
1698247680963 6.266567108456227e-05 4000
1698248490707 5.799887997013254e-05 4500
1698250195721 5.333208885570282e-05 5000
1698252223614 4.86652977412731e-05 5500
1698254172985 4.3998506626843384e-05 6000
1698256131660 3.933171551241366e-05 6500
1698258101769 3.466492439798395e-05 7000
1698260035111 2.999813328355423e-05 7500
1698261934905 2.533134216912451e-05 8000
1698263085891 2.0664551054694792e-05 8500
1698264318908 1.5997759940265077e-05 9000
1698265593284 1.1330968825835356e-05 9500
1698266874788 6.664177711405638e-06 10000
1698267550299 1.9973865969759194e-06 10500
