1698240180881 1.626 500
1698240882077 1.55 1000
1698241566474 1.5375 1500
1698243107761 1.4901 2000
1698244689561 1.4572 2500
1698246279975 1.4566 3000
1698247009244 1.4498 3500
1698247680963 1.4085 4000
1698248490707 1.4171 4500
1698250195721 1.4233 5000
1698252223614 1.3448 5500
1698254172985 1.2897 6000
1698256131660 1.2966 6500
1698258101769 1.2913 7000
1698260035111 1.2816 7500
1698261934905 1.2605 8000
1698263085891 1.2726 8500
1698264318908 1.2581 9000
1698265593284 1.2898 9500
1698266874788 1.2879 10000
1698267550299 1.2402 10500
